0    0.9972
0.01    0.9794
0.02    1.0141
0.03    1.0037
0.04    1.0002
0.05    1.0043
0.06    0.9937
0.07    1.0041
0.08    0.9997
0.09    0.9855
0.1    1.0116
0.11    1.0197
0.12    0.9978
0.13    0.9897
0.14    0.9758
0.15    1.0029
0.16    0.9908
0.17    0.9967
0.18    0.9845
0.19    1.0113
0.2    1.0073
0.21    0.9875
0.22    0.9988
0.23    1.0026
0.24    0.989
0.25    1.003
0.26    0.9937
0.27    1.0083
0.28    1.0007
0.29    0.9836
0.3    0.9939
0.31    0.9983
0.32    1.0039
0.33    0.9902
0.34    1.0049
0.35    0.9846
0.36    1.0184
0.37    0.9901
0.38    0.9872
0.39    0.9951
0.4    1.0096
0.41    1.016
0.42    0.9858
0.43    1.0071
0.44    0.9998
0.45    0.9891
0.46    1.0018
0.47    0.9943
0.48    0.9953
0.49    1.0016
0.5    1.0045
0.51    0.9848
0.52    1.0076
0.53    0.9948
0.54    1.0049
0.55    1.006
0.56    0.9994
0.57    0.9926
0.58    0.9973
0.59    1.0091
0.6    1.0012
0.61    1.0077
0.62    0.99
0.63    1.0043
0.64    1.0054
0.65    1.0022
0.66    0.9945
0.67    0.9984
0.68    0.992
0.69    1.0304
0.7    1.0215
0.71    1.0011
0.72    0.9937
0.73    0.9997
0.74    0.994
0.75    0.9913
0.76    0.9955
0.77    1.0029
0.78    1.0122
0.79    0.9891
0.8    0.9877
0.81    1.0151
0.82    0.9999
0.83    1.0047
0.84    0.9999
0.85    0.9975
0.86    1.01
0.87    1.0107
0.88    1.0056
0.89    1.0117
0.9    0.9996
0.91    0.9968
0.92    1.0015
0.93    0.9945
0.94    1.0021
0.95    1.0009
0.96    1.0033
0.97    1.0126
0.98    1.003
0.99    1.0106
